747	2203
812	2206
927	2206
939	2206
225	2209
123	2210
205	2210
225	2210
512	2210
734	2210
812	2210
225	2211
616	2211
939	2211
229	2214
747	2214
387	2220
405	2220
1007	2220
439	2222
55	2223
439	2226
229	2227
55	2231
685	2236
387	2247
685	2247
229	2252
439	2252
229	2253
82	2263
62	2265
488	2265
608	2265
692	2265
645	2272
61	2277
370	2277
847	2277
922	2277
979	2277
492	2281
406	2288
1030	2288
647	2289
1004	2289
996	2292
443	2300
996	2304
996	2310
996	2313
996	2314
83	2318
996	2323
996	2326
996	2330
996	2331
109	2341
828	2341
188	2342
324	2342
719	2342
109	2343
308	2343
608	2343
753	2343
800	2343
950	2343
1003	2343
631	2344
109	2346
342	2346
364	2346
387	2346
388	2346
430	2346
616	2346
939	2346
104	2347
308	2347
430	2347
753	2347
753	2349
109	2350
608	2351
370	2352
616	2352
939	2352
308	2360
388	2360
492	2360
685	2360
109	2363
308	2363
849	2364
225	2369
715	2369
979	2369
544	2370
109	2372
849	2372
225	2373
225	2379
616	2379
776	2379
939	2379
104	2380
395	2380
616	2380
939	2381
205	2383
657	2383
812	2384
812	2385
939	2386
677	2387
939	2387
159	2390
812	2390
163	2392
149	2393
236	2393
916	2393
812	2394
996	2394
229	2395
812	2395
90	2404
387	2404
966	2405
149	2407
492	2407
981	2407
229	2415
364	2415
567	2417
61	2419
90	2419
996	2419
981	2422
349	2426
916	2427
149	2428
900	2428
747	2429
812	2429
1030	2429
149	2432
225	2435
490	2435
370	2436
847	2436
90	2437
163	2437
90	2439
370	2439
608	2439
847	2439
1007	2439
149	2440
488	2441
608	2441
90	2442
370	2442
1007	2442
90	2443
488	2444
1007	2445
616	2446
699	2446
163	2448
608	2449
163	2450
1007	2451
90	2452
90	2453
90	2454
163	2454
370	2454
608	2454
370	2455
1007	2455
847	2457
1007	2457
90	2458
507	2458
692	2458
608	2459
692	2459
922	2460
996	2460
149	2462
250	2463
308	2463
608	2463
800	2463
163	2465
488	2465
62	2469
73	2469
447	2469
624	2469
645	2469
888	2469
447	2470
447	2471
622	2473
406	2475
699	2478
229	2479
447	2486
846	2486
480	2488
480	2490
104	2493
170	2493
541	2493
92	2497
92	2498
747	2500
159	2506
283	2509
888	2509
232	2515
387	2521
905	2521
430	2523
916	2523
370	2524
513	2524
545	2524
849	2524
948	2524
236	2526
370	2526
567	2531
981	2532
462	2535
981	2535
567	2538
23	2542
229	2542
567	2542
647	2542
691	2542
860	2542
370	2544
388	2544
905	2544
608	2546
685	2546
916	2546
256	2548
62	2552
90	2552
117	2552
229	2552
430	2552
608	2553
117	2554
1007	2554
791	2556
250	2558
608	2558
430	2559
683	2559
488	2560
683	2562
388	2564
61	2565
90	2567
480	2569
800	2569
90	2570
229	2571
1003	2571
27	2574
737	2574
812	2574
849	2574
939	2574
999	2574
747	2575
1008	2575
546	2576
225	2579
812	2579
939	2579
357	2582
567	2582
217	2583
812	2586
225	2588
1008	2593
170	2594
225	2594
905	2598
408	2600
981	2600
544	2601
358	2605
725	2605
922	2605
1003	2606
370	2608
628	2610
712	2610
172	2614
370	2614
408	2614
737	2614
149	2616
492	2616
225	2618
229	2618
229	2619
249	2619
747	2621
725	2622
492	2624
996	2624
608	2626
387	2627
800	2629
187	2630
488	2630
608	2630
370	2632
492	2632
104	2637
387	2637
609	2638
692	2638
685	2640
225	2643
812	2643
555	2645
699	2648
104	2652
1015	2652
104	2653
847	2653
899	2653
178	2654
548	2654
104	2655
104	2656
104	2657
104	2661
229	2661
249	2661
104	2662
104	2663
837	2667
447	2668
517	2668
922	2668
922	2669
926	2671
936	2671
936	2672
922	2673
936	2673
921	2674
922	2674
357	2675
697	2677
170	2680
307	2681
336	2681
447	2681
922	2681
170	2683
170	2685
170	2689
357	2691
697	2691
926	2691
205	2693
685	2698
1003	2698
513	2708
966	2708
447	2716
896	2716
922	2716
170	2718
544	2723
747	2723
170	2727
225	2735
834	2735
853	2735
236	2738
776	2738
225	2740
715	2740
59	2742
608	2742
225	2743
225	2744
265	2744
395	2744
616	2744
737	2744
307	2745
370	2745
616	2746
677	2746
715	2746
751	2747
225	2750
225	2755
546	2761
548	2761
170	2763
616	2763
225	2765
491	2765
548	2765
616	2765
170	2771
336	2771
860	2771
860	2772
370	2775
546	2775
743	2775
685	2778
800	2780
109	2781
849	2781
109	2782
922	2783
109	2784
656	2784
753	2784
828	2784
109	2785
488	2786
492	2786
608	2786
979	2786
546	2787
828	2787
912	2787
950	2787
544	2788
608	2788
109	2789
546	2789
109	2790
104	2791
912	2792
968	2792
109	2796
229	2796
608	2796
812	2796
209	2801
900	2807
229	2809
697	2811
170	2812
111	2814
111	2815
408	2815
619	2815
933	2815
747	2818
205	2820
488	2823
513	2823
712	2823
737	2823
513	2824
111	2826
225	2828
474	2831
308	2834
544	2834
608	2834
800	2834
616	2835
737	2835
917	2835
336	2836
388	2838
950	2838
225	2839
490	2839
847	2839
229	2840
747	2840
939	2840
642	2842
1032	2842
370	2843
545	2843
747	2845
583	2847
747	2847
750	2847
61	2849
170	2850
225	2850
249	2850
812	2850
546	2853
912	2853
806	2858
645	2861
1007	2861
1032	2861
608	2864
800	2864
608	2869
699	2869
225	2873
699	2873
608	2899
117	2900
608	2901
608	2902
692	2902
439	2904
387	2905
229	2906
439	2906
387	2907
439	2907
229	2909
439	2909
439	2910
439	2913
439	2914
439	2915
439	2916
439	2917
229	2919
236	2919
387	2919
405	2919
439	2921
685	2921
921	2921
387	2922
439	2923
662	2923
685	2923
439	2924
229	2925
439	2927
439	2930
439	2931
685	2931
117	2933
190	2934
686	2935
742	2935
922	2935
480	2936
692	2936
926	2936
699	2937
357	2938
544	2938
118	2940
225	2940
229	2940
747	2940
812	2940
939	2940
118	2941
370	2941
545	2941
225	2943
225	2944
812	2944
118	2946
118	2949
225	2951
939	2951
996	2952
118	2954
747	2955
812	2955
229	2956
347	2956
616	2956
118	2959
225	2959
229	2959
249	2959
812	2959
225	2961
888	2961
1026	2961
406	2962
887	2962
119	2963
616	2963
178	2964
225	2964
119	2966
616	2966
939	2966
812	2967
119	2969
616	2969
800	2969
225	2970
800	2970
170	2971
109	2973
338	2973
743	2973
950	2973
119	2974
546	2975
145	2977
705	2977
939	2978
163	2979
229	2979
149	2983
916	2984
149	2986
574	2987
996	3003
996	3004
1030	3005
388	3008
236	3019
388	3019
692	3019
1030	3019
123	3026
922	3026
737	3027
939	3027
225	3028
939	3028
747	3029
123	3030
123	3031
123	3033
544	3033
812	3037
939	3041
225	3046
645	3046
225	3049
357	3053
229	3057
484	3057
488	3057
658	3057
699	3057
743	3057
905	3057
812	3063
692	3065
608	3066
159	3067
812	3067
608	3070
608	3071
692	3071
950	3071
159	3076
862	3077
673	3078
236	3080
229	3081
370	3081
847	3081
545	3082
616	3085
812	3085
812	3086
225	3087
127	3088
715	3088
939	3093
545	3094
616	3094
127	3095
225	3095
109	3096
90	3097
127	3097
616	3097
447	3100
61	3102
370	3104
439	3104
1003	3104
1007	3104
888	3106
545	3108
149	3110
387	3110
488	3110
685	3110
492	3112
488	3114
828	3116
388	3117
662	3117
743	3117
645	3119
761	3119
229	3124
939	3124
229	3128
236	3128
159	3129
229	3129
447	3132
837	3132
131	3147
131	3154
307	3156
608	3160
922	3164
447	3169
149	3171
370	3171
494	3171
545	3171
939	3171
456	3173
916	3173
190	3176
229	3177
163	3178
229	3184
149	3187
149	3193
135	3194
488	3195
557	3195
40	3196
743	3196
40	3197
108	3197
205	3197
225	3197
229	3197
546	3197
490	3198
862	3198
847	3199
149	3200
490	3200
544	3200
905	3200
953	3200
90	3201
117	3201
430	3201
480	3201
488	3201
546	3201
1003	3201
981	3203
61	3205
149	3205
905	3205
996	3206
492	3213
556	3213
447	3216
1018	3221
439	3227
685	3227
921	3227
488	3230
608	3230
812	3234
812	3236
904	3237
616	3238
229	3239
685	3239
812	3239
906	3239
737	3240
433	3244
225	3246
388	3246
513	3253
545	3255
647	3259
922	3259
948	3259
117	3264
187	3264
922	3264
645	3267
317	3271
142	3276
357	3279
647	3280
428	3281
608	3282
761	3285
229	3286
647	3290
1004	3290
513	3293
1003	3298
1004	3299
297	3300
62	3302
236	3302
546	3302
1007	3302
357	3303
439	3303
90	3304
190	3305
1007	3306
104	3307
480	3308
812	3308
996	3309
236	3310
340	3310
159	3311
117	3313
541	3313
608	3313
692	3313
1003	3313
1007	3313
387	3316
1007	3316
236	3317
387	3317
924	3317
236	3318
439	3318
229	3327
172	3333
917	3333
387	3339
567	3344
1004	3347
229	3354
921	3354
921	3355
439	3357
433	3360
205	3362
23	3364
1008	3364
149	3367
490	3367
149	3368
357	3370
567	3371
609	3371
658	3371
968	3371
149	3373
953	3373
326	3376
569	3376
905	3376
972	3391
13	3397
488	3400
406	3405
922	3405
1008	3407
59	3411
205	3411
370	3411
567	3411
670	3411
691	3411
697	3411
935	3411
149	3413
283	3413
747	3414
229	3416
1008	3417
229	3425
546	3425
61	3426
149	3427
172	3427
370	3427
544	3427
847	3427
229	3428
616	3428
229	3429
761	3430
1026	3435
66	3436
921	3437
921	3444
1026	3444
847	3445
921	3447
23	3449
608	3452
229	3456
61	3458
387	3459
388	3459
616	3459
90	3460
488	3460
608	3460
49	3461
712	3461
751	3461
447	3462
830	3462
340	3464
488	3464
1007	3464
90	3465
229	3465
488	3466
608	3470
546	3471
950	3471
488	3475
828	3475
979	3475
388	3476
699	3476
800	3476
229	3477
753	3477
1003	3477
104	3478
109	3480
480	3481
546	3481
90	3482
488	3482
608	3482
149	3488
387	3488
494	3489
387	3490
439	3490
474	3490
229	3492
159	3501
205	3501
743	3501
149	3502
686	3502
862	3502
447	3504
996	3505
447	3506
922	3506
846	3508
546	3509
860	3511
447	3512
860	3513
447	3515
336	3520
697	3520
447	3522
23	3523
447	3527
447	3531
860	3531
447	3533
387	3534
447	3536
926	3536
229	3542
225	3543
225	3545
685	3545
939	3545
490	3547
939	3547
939	3548
225	3549
800	3549
812	3549
686	3551
492	3558
979	3558
747	3562
229	3563
249	3563
490	3564
557	3564
387	3569
705	3574
705	3575
11	3576
176	3576
190	3576
1003	3576
608	3581
90	3586
370	3589
1007	3593
163	3594
1007	3599
163	3600
163	3603
229	3603
90	3605
163	3605
608	3605
163	3606
608	3606
1007	3609
1007	3611
225	3616
229	3616
370	3616
275	3617
699	3620
90	3621
747	3621
229	3628
616	3628
488	3635
225	3637
616	3637
812	3637
546	3660
616	3660
69	3666
387	3667
388	3667
1007	3667
229	3673
439	3673
747	3673
981	3673
370	3676
453	3676
492	3677
922	3681
616	3683
981	3685
492	3689
849	3690
712	3693
743	3693
1004	3693
544	3694
366	3700
567	3700
860	3703
544	3705
387	3707
492	3707
387	3710
685	3710
387	3712
747	3712
567	3714
17	3716
236	3716
170	3717
225	3717
616	3717
170	3718
229	3719
616	3719
737	3719
170	3720
225	3720
776	3721
170	3725
921	3725
170	3728
357	3730
544	3730
670	3730
922	3732
229	3735
939	3735
737	3737
544	3738
229	3739
340	3739
401	3739
492	3739
846	3740
61	3741
645	3741
229	3744
61	3747
645	3749
370	3753
545	3753
387	3754
149	3757
616	3758
190	3762
90	3763
163	3765
608	3765
149	3767
229	3767
73	3768
480	3768
544	3769
545	3769
662	3769
939	3769
699	3774
488	3777
800	3779
921	3780
1004	3781
439	3783
225	3786
1030	3788
921	3792
229	3795
340	3795
492	3795
645	3795
149	3796
847	3796
225	3797
297	3797
548	3798
812	3798
1030	3810
336	3815
205	3817
336	3817
583	3817
747	3817
225	3819
317	3821
181	3827
447	3831
391	3833
225	3836
225	3837
225	3850
847	3856
474	3858
1007	3859
645	3861
40	3863
159	3863
225	3863
249	3863
370	3863
396	3863
743	3865
812	3865
229	3866
743	3871
645	3874
229	3878
922	3884
645	3886
699	3886
922	3886
996	3886
507	3889
1003	3889
488	3890
647	3890
685	3890
229	3893
647	3893
2	3894
692	3896
229	3901
490	3901
999	3901
297	3905
699	3910
229	3914
858	3914
743	3915
149	3920
436	3920
699	3920
791	3920
608	3921
1026	3927
370	3928
737	3928
229	3929
608	3934
61	3938
187	3940
406	3940
424	3940
887	3940
480	3941
812	3943
834	3943
616	3946
190	3947
159	3948
190	3948
370	3948
190	3949
190	3950
190	3951
388	3951
190	3952
190	3953
190	3954
1003	3954
190	3956
190	3957
190	3959
190	3960
1003	3960
190	3961
916	3961
190	3963
190	3964
190	3965
190	3966
190	3967
190	3968
190	3969
190	3970
190	3971
190	3972
190	3974
190	3975
190	3976
190	3977
190	3978
190	3979
190	3980
480	3980
1003	3980
190	3981
190	3982
546	3982
190	3983
190	3985
812	3985
40	3988
159	3991
159	3992
388	3992
985	3992
645	3994
922	3995
747	3997
812	3997
747	3999
939	4000
747	4011
170	4021
812	4021
1006	4022
543	4024
159	4025
747	4028
686	4031
490	4032
249	4036
888	4036
546	4037
1015	4037
651	4043
1003	4043
922	4045
813	4049
1004	4051
39	4056
40	4056
517	4057
728	4058
647	4064
692	4068
728	4069
488	4073
647	4082
492	4083
229	4089
488	4089
544	4092
996	4094
747	4096
776	4096
812	4099
349	4100
981	4100
939	4102
370	4103
737	4103
198	4106
447	4113
545	4113
557	4113
647	4113
488	4115
507	4115
408	4116
544	4117
225	4118
513	4119
645	4121
62	4122
90	4123
200	4123
447	4123
480	4123
546	4124
608	4125
1003	4125
59	4126
336	4126
447	4126
117	4130
225	4130
250	4130
263	4130
656	4130
201	4134
229	4135
388	4135
546	4135
201	4136
229	4136
490	4136
715	4136
888	4136
939	4136
433	4137
490	4137
201	4138
229	4143
922	4143
999	4145
999	4151
357	4153
225	4156
104	4165
109	4165
1020	4165
747	4166
812	4169
812	4170
939	4171
225	4173
229	4173
847	4177
888	4177
546	4178
939	4178
247	4179
370	4179
616	4179
922	4179
109	4180
250	4180
715	4180
677	4182
544	4193
921	4194
567	4199
204	4202
747	4207
921	4209
480	4211
544	4211
205	4225
205	4226
205	4227
205	4228
747	4230
922	4230
205	4231
205	4232
205	4236
205	4237
225	4237
205	4239
206	4246
855	4246
298	4251
488	4251
608	4251
207	4253
996	4253
408	4255
847	4257
229	4258
812	4259
958	4259
149	4260
739	4260
229	4262
249	4262
737	4262
370	4263
229	4264
958	4264
225	4265
548	4268
616	4271
677	4271
685	4272
225	4273
860	4273
170	4275
546	4275
225	4276
225	4277
225	4290
546	4290
852	4292
916	4294
149	4297
225	4297
405	4297
484	4297
225	4298
686	4308
743	4309
744	4309
686	4313
813	4316
922	4316
40	4317
715	4319
812	4326
225	4327
715	4328
229	4331
715	4334
715	4336
546	4337
715	4337
800	4341
340	4344
225	4346
917	4346
939	4346
955	4348
645	4349
159	4351
236	4351
737	4354
215	4355
812	4356
55	4359
685	4359
187	4363
623	4366
616	4368
1007	4371
541	4373
541	4377
358	4379
447	4379
40	4382
545	4382
557	4382
948	4384
236	4385
370	4385
544	4386
149	4387
981	4387
217	4395
217	4396
447	4398
812	4398
217	4399
447	4406
447	4410
447	4423
408	4435
249	4436
616	4439
673	4439
888	4439
220	4440
647	4444
849	4452
812	4457
104	4459
109	4460
308	4460
950	4460
942	4467
159	4487
370	4487
742	4488
387	4489
916	4490
942	4492
430	4493
608	4493
692	4493
645	4495
225	4496
812	4497
225	4500
225	4501
225	4502
812	4503
225	4504
225	4509
225	4510
225	4511
90	4520
692	4520
608	4526
492	4530
388	4531
996	4531
1004	4532
725	4533
685	4535
608	4538
1007	4542
1007	4543
229	4549
229	4550
747	4550
812	4550
388	4551
229	4553
405	4561
232	4566
387	4566
847	4566
340	4567
616	4567
715	4567
236	4570
492	4570
340	4572
616	4572
229	4585
387	4585
439	4585
921	4585
921	4586
55	4596
439	4598
543	4600
715	4604
336	4609
860	4611
546	4613
1030	4615
229	4616
616	4616
236	4617
159	4619
236	4619
370	4620
608	4620
190	4621
238	4625
238	4626
238	4627
238	4628
238	4629
238	4630
238	4632
238	4633
238	4634
33	4636
238	4636
238	4638
238	4639
645	4649
238	4651
996	4666
546	4670
225	4673
190	4674
71	4676
557	4677
1030	4678
743	4686
149	4688
405	4688
812	4692
159	4704
490	4704
492	4704
494	4704
686	4704
862	4704
229	4705
236	4705
387	4705
388	4705
692	4705
387	4706
862	4706
236	4707
388	4707
104	4708
989	4709
159	4710
387	4710
996	4711
244	4712
149	4716
922	4716
645	4719
447	4723
608	4724
307	4725
249	4728
647	4732
387	4733
922	4734
357	4735
544	4735
247	4737
247	4738
247	4739
247	4740
225	4747
229	4747
249	4747
939	4747
705	4750
247	4753
888	4753
544	4756
229	4761
229	4769
249	4772
229	4773
249	4773
249	4774
249	4775
488	4780
608	4780
776	4781
692	4782
250	4784
608	4785
715	4787
1030	4787
606	4790
104	4793
149	4793
225	4794
645	4796
541	4801
912	4801
225	4803
616	4803
170	4805
1026	4805
109	4807
149	4810
370	4810
569	4817
743	4817
326	4818
688	4818
569	4819
104	4828
812	4830
747	4837
905	4837
544	4844
916	4850
336	4852
922	4853
922	4863
229	4867
61	4868
40	4871
1026	4871
40	4874
557	4874
743	4880
954	4880
380	4883
387	4883
1003	4883
1007	4883
862	4884
259	4894
812	4898
225	4905
205	4909
259	4909
834	4911
692	4915
1003	4915
546	4917
699	4920
699	4927
699	4928
955	4932
439	4933
812	4934
939	4934
747	4938
939	4940
812	4944
812	4945
776	4946
225	4948
406	4969
544	4971
616	4971
447	4972
250	4975
263	4975
430	4978
608	4978
117	4979
117	4981
743	4990
996	4991
699	4993
205	4996
357	4997
474	4997
111	4999
1003	5000
408	5001
109	5004
268	5004
950	5008
109	5010
827	5014
715	5016
269	5017
685	5027
111	5030
408	5030
229	5035
1030	5039
1030	5041
236	5042
616	5042
447	5043
922	5043
387	5045
670	5045
387	5048
837	5052
273	5060
273	5061
273	5062
273	5063
387	5064
249	5065
747	5065
349	5067
899	5067
170	5068
273	5069
926	5069
273	5071
387	5072
307	5073
62	5074
336	5074
433	5074
474	5074
349	5075
546	5076
229	5079
490	5079
557	5079
685	5079
737	5079
104	5082
645	5088
900	5089
149	5097
370	5099
225	5100
229	5100
616	5100
737	5100
812	5100
939	5100
225	5101
812	5101
490	5102
812	5104
229	5105
544	5105
616	5105
685	5105
685	5108
812	5108
939	5109
205	5111
277	5112
205	5116
205	5117
336	5118
149	5119
117	5123
1007	5123
263	5124
1007	5124
546	5125
716	5132
899	5140
939	5143
712	5150
217	5153
950	5155
608	5156
656	5156
737	5157
338	5159
950	5160
950	5164
250	5165
950	5165
608	5170
659	5170
447	5173
447	5175
283	5176
405	5178
743	5178
190	5179
922	5185
387	5186
149	5191
813	5192
283	5200
922	5200
812	5202
981	5208
59	5215
812	5215
170	5217
488	5217
545	5217
616	5217
225	5223
149	5226
253	5226
544	5229
1004	5233
569	5237
871	5240
925	5247
90	5249
490	5253
699	5254
90	5257
544	5257
608	5257
645	5257
480	5258
608	5258
683	5258
490	5260
608	5260
117	5261
488	5264
163	5266
229	5266
370	5266
163	5267
229	5267
387	5285
541	5297
860	5299
541	5302
507	5306
1030	5306
249	5309
249	5310
293	5311
544	5322
447	5325
1004	5332
697	5346
39	5358
149	5359
170	5360
616	5366
296	5367
608	5370
608	5375
692	5375
608	5382
608	5386
608	5390
608	5397
608	5399
692	5401
608	5409
981	5412
1004	5412
297	5413
492	5415
149	5416
981	5417
645	5420
979	5421
981	5423
823	5428
408	5429
541	5430
608	5432
608	5433
406	5434
608	5434
388	5440
933	5440
149	5441
996	5441
996	5443
996	5448
250	5452
608	5452
61	5453
490	5459
939	5459
61	5466
61	5470
370	5480
557	5480
686	5480
686	5483
40	5484
27	5485
616	5485
493	5486
159	5487
229	5487
236	5487
340	5488
307	5493
307	5494
922	5495
307	5496
307	5503
1003	5503
307	5509
307	5510
812	5510
307	5522
387	5536
387	5538
490	5544
863	5544
124	5545
103	5547
357	5547
712	5547
813	5547
862	5547
981	5547
647	5549
981	5549
1004	5549
608	5550
545	5553
747	5553
263	5562
659	5574
104	5586
336	5586
23	5603
388	5605
888	5605
1015	5605
225	5606
812	5606
225	5609
159	5615
104	5616
317	5620
317	5621
317	5623
1007	5627
488	5629
834	5635
881	5644
825	5645
90	5649
813	5664
939	5666
1030	5666
225	5667
229	5667
685	5667
939	5667
229	5670
686	5670
939	5673
190	5677
387	5683
324	5690
812	5694
922	5698
697	5700
229	5709
888	5713
40	5720
229	5731
906	5731
328	5733
328	5741
328	5742
645	5745
996	5745
339	5746
609	5746
790	5746
836	5746
858	5746
163	5767
225	5767
388	5767
494	5767
608	5767
847	5767
829	5768
645	5769
236	5770
104	5772
190	5779
388	5780
1007	5780
357	5785
62	5787
645	5787
916	5787
236	5789
387	5789
488	5790
336	5791
336	5792
336	5793
336	5794
336	5795
336	5796
336	5797
336	5799
747	5799
336	5800
336	5801
336	5802
336	5803
336	5804
336	5805
59	5806
159	5806
336	5806
474	5806
388	5807
725	5807
336	5808
922	5808
175	5810
950	5812
492	5815
324	5817
616	5818
715	5820
338	5834
447	5839
791	5839
250	5841
340	5844
488	5844
340	5845
340	5846
340	5848
387	5848
340	5850
677	5866
936	5866
225	5880
341	5886
342	5889
541	5897
541	5898
737	5899
800	5901
344	5904
357	5912
685	5914
683	5918
149	5923
357	5924
61	5925
1004	5925
336	5926
370	5926
229	5929
345	5929
149	5934
347	5936
616	5937
149	5939
347	5939
888	5939
347	5940
747	5947
747	5949
544	5950
899	5950
847	5955
104	5958
544	5958
356	5960
546	5960
225	5963
546	5963
356	5964
349	5966
747	5966
939	5966
205	5967
356	5967
939	5968
225	5969
229	5969
249	5969
22	5970
225	5970
546	5970
602	5970
916	5973
352	5980
236	5988
405	5988
1007	5988
545	6006
650	6008
225	6010
747	6011
356	6012
747	6012
356	6013
939	6013
225	6014
747	6014
939	6014
356	6015
225	6016
356	6017
356	6018
747	6025
356	6026
357	6031
357	6037
358	6042
358	6043
922	6045
358	6046
981	6048
1021	6051
490	6052
544	6053
388	6056
888	6056
480	6064
608	6064
683	6065
117	6069
480	6070
480	6073
697	6075
692	6076
388	6077
546	6081
40	6086
488	6098
1004	6098
574	6120
737	6126
616	6127
23	6130
170	6130
149	6132
569	6132
930	6132
225	6133
737	6133
812	6133
364	6136
996	6136
149	6137
916	6137
922	6137
996	6137
364	6138
90	6140
996	6141
365	6149
447	6150
860	6151
837	6155
480	6158
2	6160
837	6160
62	6161
447	6161
837	6163
488	6165
608	6165
926	6166
544	6169
2	6177
149	6177
888	6177
922	6177
229	6181
996	6183
366	6184
813	6185
492	6187
447	6189
388	6190
229	6193
474	6193
546	6193
236	6196
236	6201
922	6206
922	6209
408	6223
747	6225
981	6226
408	6227
712	6229
981	6230
370	6231
370	6232
40	6237
557	6237
205	6240
225	6240
62	6245
484	6245
149	6246
249	6247
370	6247
370	6249
545	6249
616	6249
939	6249
336	6252
888	6257
979	6257
677	6258
484	6265
225	6267
225	6268
170	6271
225	6271
912	6282
170	6289
800	6289
546	6290
370	6291
440	6294
948	6295
1006	6297
492	6301
685	6302
380	6308
380	6312
916	6313
1007	6315
439	6339
236	6346
541	6362
608	6362
388	6363
387	6373
387	6374
609	6374
926	6374
1004	6374
387	6375
149	6376
380	6376
387	6376
405	6376
149	6377
387	6377
387	6378
387	6379
387	6380
387	6382
712	6382
981	6382
387	6384
439	6384
387	6385
387	6387
229	6388
380	6388
387	6388
388	6388
387	6389
916	6389
388	6390
388	6392
388	6393
388	6394
388	6396
388	6398
388	6401
388	6403
567	6410
69	6414
205	6414
544	6416
922	6425
190	6429
225	6435
205	6436
225	6444
205	6445
743	6452
408	6453
490	6453
899	6453
829	6454
608	6458
229	6461
981	6463
922	6472
1026	6490
921	6495
1003	6504
812	6505
812	6506
812	6522
747	6533
104	6534
574	6536
812	6539
424	6541
686	6542
229	6543
747	6543
149	6544
490	6548
557	6548
686	6548
1021	6556
149	6558
405	6562
405	6563
745	6563
1003	6564
149	6567
229	6568
541	6570
948	6570
406	6573
546	6576
406	6577
406	6578
546	6579
860	6579
447	6582
981	6594
104	6601
899	6601
881	6602
544	6603
899	6603
747	6604
544	6606
544	6613
981	6615
104	6616
544	6616
411	6618
411	6619
439	6619
439	6620
439	6622
439	6626
546	6626
747	6626
439	6627
439	6628
387	6629
439	6629
229	6631
387	6631
439	6631
439	6632
405	6633
747	6636
229	6640
645	6641
996	6642
926	6655
490	6657
926	6659
108	6661
447	6662
447	6675
926	6675
557	6677
685	6687
756	6687
1004	6687
979	6693
439	6694
747	6694
40	6695
263	6698
692	6703
420	6707
117	6708
236	6708
692	6708
488	6710
62	6714
388	6714
428	6714
1003	6714
645	6721
250	6722
229	6726
229	6728
728	6728
616	6730
608	6732
117	6736
1003	6737
424	6753
90	6755
426	6755
888	6755
61	6756
488	6756
989	6756
922	6758
488	6759
747	6759
922	6759
981	6759
225	6760
813	6762
492	6763
1008	6764
406	6765
747	6765
104	6766
149	6769
614	6772
812	6772
747	6773
480	6776
985	6777
1007	6777
430	6778
480	6780
428	6781
430	6783
430	6785
430	6789
922	6789
104	6794
677	6808
737	6808
1030	6816
546	6818
433	6819
715	6820
544	6821
465	6823
488	6834
225	6837
435	6842
834	6848
225	6850
436	6851
544	6852
1015	6853
608	6854
900	6857
423	6861
225	6873
433	6874
926	6876
699	6880
66	6884
439	6885
439	6886
439	6887
439	6888
439	6889
439	6890
439	6891
439	6892
439	6893
439	6894
439	6895
439	6896
439	6897
439	6898
439	6899
439	6900
439	6901
439	6902
439	6903
439	6904
439	6905
364	6906
747	6906
440	6908
357	6909
490	6915
492	6915
791	6915
507	6920
447	6930
922	6930
159	6931
847	6931
190	6944
443	6945
443	6947
443	6948
336	6949
922	6949
546	6957
616	6957
225	6959
529	6959
926	6963
447	6967
926	6967
926	6971
336	6980
447	6982
812	6983
447	6990
444	6992
229	6997
229	7005
391	7008
447	7011
447	7012
447	7013
447	7016
697	7018
447	7019
447	7020
336	7021
447	7024
336	7029
447	7030
447	7031
488	7039
715	7042
170	7051
462	7055
388	7056
453	7071
544	7076
149	7077
606	7079
104	7081
456	7084
229	7099
546	7100
812	7108
74	7109
62	7111
546	7115
546	7116
616	7116
447	7119
725	7126
159	7129
117	7138
1003	7138
370	7140
725	7142
699	7148
462	7150
336	7152
699	7152
699	7156
490	7157
888	7160
979	7177
817	7182
27	7187
560	7187
464	7188
685	7188
712	7189
159	7193
888	7193
370	7194
645	7197
743	7197
661	7201
645	7206
743	7211
637	7214
637	7215
297	7219
608	7224
645	7227
645	7233
467	7234
608	7235
608	7239
812	7239
61	7248
225	7248
488	7248
608	7248
1003	7248
469	7258
727	7260
743	7262
715	7263
488	7265
1004	7265
863	7268
712	7276
979	7276
149	7288
159	7290
229	7290
847	7290
474	7293
888	7293
888	7301
159	7302
357	7312
474	7312
40	7316
474	7316
494	7318
544	7318
545	7318
812	7321
847	7321
492	7323
981	7323
345	7324
546	7324
387	7326
1030	7331
159	7340
924	7340
480	7341
480	7343
699	7343
480	7344
480	7345
480	7346
480	7347
699	7347
645	7348
996	7352
225	7366
447	7366
447	7370
447	7373
685	7376
485	7378
972	7382
485	7383
916	7398
488	7404
921	7407
608	7410
488	7411
608	7411
490	7412
488	7413
490	7413
488	7414
490	7414
490	7415
490	7416
490	7417
490	7418
812	7419
229	7422
812	7423
492	7425
492	7427
492	7429
492	7430
692	7430
492	7435
645	7436
692	7437
492	7439
492	7440
692	7440
492	7446
494	7447
149	7449
217	7449
229	7449
847	7449
906	7453
496	7457
229	7458
229	7463
812	7463
447	7480
283	7492
159	7501
229	7501
1004	7505
27	7506
506	7511
557	7512
544	7515
40	7522
507	7523
507	7528
546	7532
388	7533
812	7533
507	7535
507	7537
507	7539
507	7546
699	7548
507	7554
387	7556
546	7575
996	7577
996	7578
996	7582
996	7592
388	7616
488	7625
645	7626
812	7627
249	7634
939	7634
104	7639
225	7639
616	7639
737	7639
513	7641
297	7642
370	7643
513	7643
370	7644
513	7644
743	7644
513	7645
513	7651
513	7654
514	7655
297	7675
492	7685
190	7688
517	7691
996	7691
697	7693
357	7694
922	7694
492	7699
283	7700
205	7708
447	7710
520	7714
616	7722
958	7723
149	7724
939	7724
190	7730
1004	7742
387	7743
756	7745
812	7754
1030	7755
545	7756
616	7775
545	7777
480	7791
608	7800
546	7802
529	7803
812	7804
541	7809
544	7810
62	7811
62	7821
447	7821
922	7826
104	7832
104	7834
149	7835
533	7836
370	7874
544	7878
447	7879
544	7879
357	7880
428	7880
480	7880
608	7880
543	7883
543	7884
544	7885
544	7887
922	7890
336	7895
545	7898
546	7899
546	7901
699	7902
546	7904
546	7906
541	7912
229	7914
548	7918
229	7920
229	7922
548	7923
546	7927
608	7927
1007	7927
616	7930
645	7932
645	7933
692	7935
608	7937
677	7938
229	7941
685	7941
712	7945
926	7951
552	7959
170	7991
190	7994
149	8002
190	8017
370	8017
388	8019
645	8020
229	8023
364	8026
926	8026
159	8042
436	8042
557	8042
1026	8043
557	8045
557	8049
229	8054
358	8054
159	8068
686	8068
439	8072
924	8072
405	8073
847	8081
747	8093
608	8106
225	8108
541	8108
90	8109
1032	8110
364	8111
488	8111
439	8120
926	8132
847	8155
747	8161
411	8162
616	8163
117	8169
328	8172
388	8173
387	8178
439	8179
1007	8184
149	8188
229	8190
190	8191
104	8192
574	8196
40	8198
64	8199
544	8210
149	8221
447	8230
447	8234
259	8239
145	8245
926	8245
812	8247
1026	8251
616	8254
616	8259
812	8259
776	8261
818	8262
61	8264
747	8264
492	8266
490	8274
225	8277
747	8277
812	8277
939	8277
544	8278
236	8283
645	8290
939	8294
225	8298
608	8309
692	8309
163	8310
453	8311
608	8312
1007	8312
608	8313
608	8314
1007	8314
584	8315
163	8318
586	8322
607	8322
586	8328
607	8336
860	8341
104	8347
225	8347
737	8347
616	8350
917	8350
370	8358
1003	8359
544	8361
673	8361
129	8363
137	8363
149	8364
747	8364
1007	8364
104	8365
480	8367
1003	8367
728	8368
743	8380
812	8380
996	8383
229	8384
225	8386
950	8386
715	8390
900	8398
149	8409
598	8412
608	8422
831	8422
996	8425
996	8431
996	8432
996	8433
661	8435
996	8443
447	8445
996	8455
602	8457
1008	8459
225	8464
1008	8464
225	8473
939	8473
966	8479
104	8492
159	8497
812	8497
817	8503
61	8504
544	8504
739	8504
743	8504
747	8504
847	8504
606	8509
170	8510
922	8510
546	8511
685	8516
608	8543
608	8544
608	8545
692	8545
90	8546
608	8546
608	8547
608	8548
608	8549
608	8551
608	8552
692	8552
447	8553
608	8553
250	8555
608	8555
608	8558
692	8558
608	8559
608	8560
608	8561
699	8561
800	8561
608	8563
1007	8563
608	8567
608	8570
692	8570
608	8571
608	8572
117	8573
608	8573
692	8573
608	8574
608	8575
692	8575
608	8576
40	8582
40	8584
1006	8584
172	8586
544	8589
609	8589
862	8589
613	8590
90	8594
406	8594
492	8594
645	8594
159	8595
616	8598
225	8599
159	8605
618	8607
618	8608
618	8609
618	8640
620	8645
229	8646
492	8649
922	8659
876	8673
747	8681
747	8684
939	8684
860	8696
1030	8696
996	8699
691	8701
567	8705
149	8707
104	8708
631	8710
364	8712
104	8713
778	8717
236	8718
90	8743
250	8743
263	8743
1007	8743
739	8756
645	8758
616	8759
236	8761
645	8763
645	8766
149	8768
637	8769
637	8770
747	8779
40	8781
40	8789
249	8790
926	8790
608	8795
800	8795
229	8800
608	8803
642	8803
692	8803
642	8804
642	8805
608	8807
645	8809
645	8811
608	8812
692	8812
608	8818
225	8821
642	8821
645	8822
642	8823
645	8837
996	8837
229	8843
447	8848
488	8853
645	8854
747	8873
236	8878
225	8880
812	8880
225	8905
73	8910
336	8910
225	8912
229	8916
926	8919
685	8930
1030	8932
488	8936
921	8945
921	8946
812	8947
922	8983
645	8988
645	8989
1003	8989
656	8990
656	8991
1003	8991
1007	8991
190	9030
229	9032
645	9032
387	9034
661	9042
996	9043
661	9044
996	9048
996	9050
661	9051
447	9052
661	9052
661	9053
661	9055
661	9057
661	9058
661	9065
661	9067
661	9071
661	9073
996	9077
673	9084
847	9084
743	9115
1030	9129
357	9135
229	9141
686	9141
979	9144
447	9146
488	9148
492	9160
812	9183
229	9187
175	9190
616	9193
673	9193
225	9207
677	9207
677	9208
1030	9208
170	9211
677	9212
225	9213
225	9214
677	9214
677	9215
677	9216
677	9217
546	9222
61	9228
149	9230
40	9234
40	9242
225	9242
812	9242
939	9242
683	9253
699	9253
683	9254
1007	9255
357	9256
480	9286
692	9286
608	9287
692	9287
1007	9287
692	9289
725	9289
692	9293
608	9296
692	9296
692	9297
692	9298
692	9300
692	9301
236	9302
692	9302
297	9307
1004	9307
2	9322
695	9333
912	9334
358	9336
747	9336
922	9336
695	9337
805	9337
743	9338
685	9346
250	9347
608	9347
696	9347
90	9348
488	9348
608	9348
697	9353
697	9354
697	9357
926	9369
747	9384
439	9391
705	9403
616	9416
488	9418
912	9418
608	9419
800	9419
608	9421
488	9423
1007	9423
608	9424
645	9424
163	9425
1021	9427
488	9428
608	9428
608	9429
488	9430
488	9433
715	9433
608	9435
750	9454
996	9455
996	9456
1008	9457
699	9465
950	9465
488	9467
488	9470
712	9476
712	9477
608	9478
712	9481
712	9484
756	9485
544	9487
712	9488
370	9495
926	9496
981	9502
714	9506
714	9507
616	9511
950	9512
715	9513
747	9515
812	9523
1007	9528
336	9533
488	9539
492	9545
645	9547
996	9547
614	9549
645	9552
725	9553
996	9556
388	9562
725	9564
725	9565
726	9577
297	9585
727	9592
727	9593
387	9598
1026	9604
728	9629
433	9634
229	9636
225	9639
488	9647
828	9650
731	9651
62	9659
705	9660
747	9666
747	9672
837	9672
488	9699
645	9699
739	9700
922	9700
996	9700
743	9702
645	9704
739	9704
743	9711
645	9713
996	9713
800	9714
699	9716
812	9716
939	9716
699	9717
743	9720
27	9735
743	9735
352	9737
743	9742
104	9743
699	9745
743	9748
747	9752
745	9758
225	9761
225	9765
229	9765
747	9768
939	9772
812	9778
750	9781
860	9783
996	9783
750	9785
544	9794
958	9799
544	9802
747	9810
229	9811
939	9814
430	9821
480	9821
61	9822
264	9822
507	9823
117	9826
340	9840
439	9847
40	9860
474	9862
480	9865
370	9868
812	9870
921	9872
364	9874
546	9877
981	9877
922	9892
743	9896
545	9907
117	9911
387	9913
860	9916
800	9919
860	9922
608	9926
747	9936
40	9945
714	9945
464	9949
747	9951
776	9960
608	9964
776	9964
608	9965
480	9969
225	9970
336	9974
39	9975
408	9977
812	9987
447	9997
455	9999
782	10000
447	10007
488	10016
225	10030
433	10037
283	10040
999	10042
236	10047
439	10055
790	10057
790	10059
406	10066
447	10066
557	10069
616	10069
11	10074
277	10074
447	10074
149	10075
812	10095
939	10102
799	10107
229	10127
608	10130
430	10142
64	10143
1003	10156
229	10157
802	10160
447	10164
447	10169
159	10172
922	10172
229	10180
546	10180
163	10183
163	10184
747	10194
813	10202
806	10210
62	10213
447	10213
645	10213
686	10213
699	10217
900	10226
40	10248
810	10262
812	10299
812	10300
812	10302
812	10303
812	10306
812	10308
812	10309
939	10309
737	10310
812	10310
812	10311
813	10313
104	10318
544	10318
817	10318
899	10318
408	10327
699	10333
699	10336
699	10338
699	10351
699	10355
699	10358
149	10369
447	10380
229	10385
691	10385
439	10393
387	10394
507	10394
229	10402
608	10406
996	10407
824	10411
488	10412
608	10412
645	10412
61	10413
825	10414
825	10415
989	10415
996	10418
812	10436
827	10444
225	10449
699	10455
190	10460
831	10464
831	10465
817	10478
834	10487
834	10490
834	10502
109	10509
836	10514
465	10515
948	10515
697	10516
837	10516
357	10518
922	10518
747	10521
837	10521
557	10524
225	10525
616	10525
812	10525
229	10526
840	10530
747	10535
840	10539
1030	10563
1030	10568
1030	10569
178	10571
905	10571
104	10582
546	10585
686	10587
725	10587
846	10592
546	10597
492	10598
847	10600
149	10603
387	10608
567	10609
922	10610
567	10615
751	10620
850	10623
117	10626
645	10626
1003	10626
608	10627
692	10628
90	10630
608	10630
645	10630
608	10638
645	10638
854	10649
225	10650
691	10650
608	10653
608	10661
229	10665
229	10677
862	10681
149	10685
250	10689
249	10697
249	10703
702	10709
871	10716
849	10718
387	10728
712	10729
608	10745
608	10748
608	10751
608	10754
206	10758
921	10759
608	10762
714	10766
492	10767
225	10768
387	10768
616	10768
616	10775
881	10797
881	10798
104	10806
229	10827
887	10828
544	10831
887	10833
888	10840
888	10841
888	10842
921	10848
725	10850
364	10854
388	10855
812	10864
229	10865
225	10870
229	10870
645	10891
996	10891
544	10894
860	10894
996	10912
90	10917
922	10918
899	10920
747	10922
544	10923
104	10924
207	10924
544	10924
900	10925
900	10935
900	10937
743	10941
225	10954
546	10954
616	10954
747	10955
149	10963
862	10965
110	10967
541	10970
603	10972
229	10973
229	10980
236	10987
914	10993
387	10997
225	11005
747	11006
916	11007
916	11010
916	11011
916	11012
916	11013
916	11015
916	11016
916	11017
447	11019
447	11023
921	11033
388	11034
921	11036
921	11039
921	11042
685	11045
921	11045
922	11048
922	11049
62	11051
922	11051
104	11058
981	11058
544	11059
847	11062
924	11062
1007	11062
388	11063
387	11065
387	11067
847	11069
370	11070
387	11077
924	11080
149	11081
645	11084
206	11085
1007	11085
926	11090
447	11091
926	11092
225	11102
447	11102
926	11105
926	11107
926	11110
225	11115
926	11116
812	11122
645	11136
190	11139
236	11139
699	11146
447	11147
474	11149
229	11155
190	11168
205	11170
480	11174
849	11178
933	11179
104	11182
488	11185
1007	11185
229	11186
40	11188
888	11193
40	11198
837	11201
936	11201
936	11204
936	11207
837	11209
229	11218
645	11219
229	11220
939	11227
939	11228
90	11229
370	11236
480	11243
352	11252
942	11252
544	11264
205	11265
544	11284
948	11284
747	11291
899	11294
541	11302
104	11313
936	11316
1007	11336
955	11339
1003	11345
170	11354
860	11372
439	11387
439	11391
747	11393
236	11395
439	11395
544	11396
61	11398
981	11413
61	11416
712	11421
996	11431
996	11432
541	11434
545	11452
149	11462
61	11473
447	11477
645	11477
996	11477
62	11480
645	11480
370	11500
406	11511
170	11515
229	11517
979	11517
225	11526
926	11526
926	11544
981	11549
981	11556
40	11557
40	11559
697	11561
40	11566
743	11579
996	11579
939	11581
225	11597
117	11602
225	11604
1008	11607
860	11615
1008	11616
860	11621
447	11631
447	11633
996	11645
996	11646
996	11649
996	11650
996	11651
922	11652
996	11653
996	11654
996	11655
996	11656
996	11657
996	11659
996	11660
996	11663
996	11664
996	11666
996	11668
996	11671
996	11674
996	11675
996	11676
996	11682
972	11704
972	11712
190	11720
149	11722
225	11722
149	11726
117	11730
1003	11730
1004	11733
645	11736
229	11739
1004	11740
1004	11741
1004	11745
1004	11747
1004	11749
670	11756
645	11763
996	11763
645	11764
996	11764
1007	11768
608	11769
1007	11769
90	11773
1007	11773
1007	11776
1007	11778
608	11779
90	11782
447	11784
996	11784
1008	11792
685	11801
1015	11803
981	11812
149	11813
225	11826
439	11826
544	11826
388	11827
1026	11837
1026	11838
1003	11849
812	11852
812	11854
747	11861
1032	11881
608	11885
922	11898
488	11899
447	11900
336	11905
488	11916
645	11927
699	11931
163	11973
388	11974
488	11974
492	11979
862	11997
283	12000
647	12002
544	12005
460	12006
543	12006
159	12013
989	12021
149	12023
922	12023
229	12033
229	12036
747	12041
541	12047
996	12057
297	12065
645	12071
699	12071
699	12083
921	12096
996	12111
996	12122
996	12132
61	12141
996	12141
1004	12143
912	12154
753	12160
166	12164
541	12201
544	12220
357	12255
699	12288
813	12295
190	12303
996	12315
1021	12318
488	12319
447	12334
837	12334
837	12342
837	12345
837	12346
405	12351
1003	12351
190	12352
1003	12352
916	12354
159	12357
488	12357
387	12379
981	12384
939	12387
981	12389
40	12395
117	12401
544	12410
996	12434
996	12437
996	12439
996	12444
996	12457
747	12477
163	12478
546	12482
747	12487
1004	12495
1008	12495
725	12512
23	12515
544	12531
747	12541
862	12545
336	12547
926	12550
507	12555
236	12567
616	12567
447	12583
900	12585
90	12599
645	12599
981	12608
544	12612
608	12623
608	12630
225	12637
608	12637
225	12648
812	12662
163	12687
163	12688
163	12689
163	12690
939	12691
812	12693
812	12695
1008	12703
229	12710
336	12716
747	12718
743	12726
645	12745
488	12752
388	12777
225	12780
229	12780
747	12780
812	12782
699	12786
104	12791
747	12794
645	12817
225	12829
921	12838
888	12839
273	12840
117	12876
149	12890
159	12890
813	12890
439	12902
439	12903
388	12904
439	12904
544	12909
828	12911
712	12918
812	12922
888	12928
996	12932
800	12935
631	12941
229	12951
236	12959
969	12959
190	12965
492	12980
747	12980
939	12980
507	13000
249	13010
544	13010
286	13015
340	13017
608	13026
447	13036
1004	13044
1030	13061
229	13063
715	13107
66	13126
480	13126
546	13127
699	13133
225	13154
645	13164
645	13169
544	13173
608	13178
40	13185
447	13199
968	13199
480	13210
119	13211
939	13213
939	13214
229	13219
217	13221
544	13221
544	13257
388	13266
996	13269
563	13271
699	13274
922	13275
529	13276
916	13286
492	13311
996	13317
996	13319
996	13331
996	13333
543	13339
812	13339
159	13352
645	13362
190	13364
297	13372
447	13390
149	13395
996	13395
358	13397
544	13397
336	13399
408	13406
791	13415
608	13422
229	13433
336	13434
74	13440
387	13446
608	13450
488	13463
996	13499
996	13503
812	13528
699	13530
109	13531
1020	13536
229	13558
297	13576
926	13578
109	13582
697	13588
812	13590
922	13594
608	13599
999	13603
737	13624
921	13646
1004	13663
544	13672
546	13678
812	13681
616	13688
616	13713
149	13716
307	13730
388	13737
104	13742
926	13754
922	13775
187	13817
645	13830
149	13832
737	13834
163	13835
225	13846
715	13849
447	13861
677	13870
544	13888
981	13895
480	13900
685	13910
645	13926
544	13929
229	13936
747	13960
921	13971
685	14005
958	14012
492	14019
225	14031
737	14061
712	14067
996	14079
608	14081
608	14086
608	14088
608	14091
860	14093
812	14094
813	14096
933	14097
921	14116
229	14121
544	14133
1004	14138
229	14141
1015	14184
433	14193
170	14200
1008	14208
159	14222
229	14240
847	14240
916	14240
159	14260
104	14271
40	14287
40	14296
387	14298
387	14300
225	14304
616	14305
743	14317
236	14338
405	14340
439	14340
692	14346
56	14359
616	14373
608	14378
645	14396
645	14401
229	14423
439	14424
557	14435
546	14442
747	14448
834	14448
697	14450
507	14453
608	14480
692	14480
608	14481
608	14485
608	14494
40	14508
90	14509
190	14516
143	14518
544	14526
388	14529
117	14534
939	14549
645	14576
996	14579
225	14601
546	14624
474	14631
513	14632
159	14634
747	14638
357	14646
743	14647
996	14649
996	14669
447	14672
645	14678
996	14678
926	14684
149	14692
812	14692
159	14707
791	14712
357	14744
474	14744
922	14750
357	14752
837	14761
357	14766
357	14768
357	14773
474	14779
926	14783
229	14811
1003	14814
439	14815
812	14834
1030	14837
1030	14838
926	14840
812	14851
358	14860
336	14869
981	14870
715	14874
812	14876
406	14878
447	14878
217	14879
406	14880
917	14890
812	14894
236	14902
546	14922
546	14926
544	14930
847	14930
544	14942
546	14946
529	14948
546	14952
529	14954
546	14956
541	14961
541	14967
546	14969
546	14973
488	15027
608	15027
557	15037
159	15038
229	15049
812	15055
737	15063
447	15065
433	15071
751	15074
747	15082
1030	15109
825	15140
647	15159
61	15177
747	15178
229	15179
747	15194
921	15198
921	15201
860	15206
387	15213
388	15214
229	15218
149	15236
608	15249
447	15250
447	15252
812	15259
149	15260
645	15267
692	15269
544	15271
544	15272
104	15284
297	15294
608	15301
837	15318
546	15333
904	15354
692	15359
1030	15359
692	15360
336	15362
608	15363
149	15371
90	15391
916	15407
712	15420
447	15457
624	15457
645	15457
490	15465
541	15481
812	15482
109	15483
812	15504
90	15527
608	15527
436	15528
190	15532
159	15533
190	15533
1003	15533
996	15538
307	15541
387	15547
996	15556
229	15566
812	15569
1007	15584
541	15586
840	15597
66	15601
548	15606
546	15614
40	15616
747	15617
837	15621
170	15633
480	15637
544	15645
447	15671
447	15675
715	15682
996	15688
447	15690
190	15707
996	15708
922	15732
236	15744
837	15760
996	15774
357	15778
926	15778
922	15782
517	15783
926	15793
544	15795
488	15812
812	15815
608	15817
981	15904
229	15905
645	15916
996	15916
921	15918
229	15919
387	15919
11	15941
225	15948
149	15952
149	15954
791	15961
73	15963
447	15963
657	15963
616	15975
283	15982
608	15989
616	15995
899	16002
981	16002
225	16003
812	16014
996	16024
546	16026
357	16053
387	16063
90	16067
406	16094
699	16096
387	16105
460	16124
387	16164
546	16177
996	16177
170	16181
225	16184
159	16221
670	16222
546	16249
225	16272
608	16279
645	16314
149	16324
447	16333
62	16334
507	16340
225	16355
217	16358
813	16374
812	16380
922	16388
544	16401
966	16413
229	16427
490	16427
229	16431
109	16432
447	16442
697	16474
40	16478
747	16493
546	16499
387	16500
439	16500
439	16501
922	16523
170	16527
921	16527
926	16536
447	16540
416	16549
926	16556
490	16558
921	16575
715	16578
249	16591
544	16591
548	16593
170	16595
40	16608
40	16614
229	16628
229	16641
225	16659
507	16659
225	16661
229	16662
1003	16667
229	16674
507	16678
439	16695
439	16696
1007	16723
812	16732
474	16735
546	16735
922	16735
249	16737
606	16740
447	16745
813	16745
149	16746
447	16751
1004	16754
602	16772
388	16779
541	16784
149	16823
996	16839
996	16861
996	16864
149	16871
608	16888
40	16913
225	16961
40	16963
225	16971
40	16972
1003	17008
715	17009
812	17084
743	17087
996	17112
996	17121
996	17127
996	17130
996	17132
996	17133
860	17189
837	17200
922	17200
225	17208
608	17211
544	17213
608	17215
699	17217
336	17221
747	17221
608	17223
812	17230
229	17283
405	17283
439	17284
447	17294
812	17296
926	17296
737	17326
1003	17331
996	17340
996	17345
996	17347
812	17351
996	17365
996	17367
715	17400
1003	17424
1007	17424
11	17436
1003	17437
1007	17437
225	17480
932	17488
743	17567
480	17571
685	17598
488	17616
968	17619
541	17620
812	17631
229	17644
608	17644
645	17645
388	17646
225	17687
761	17702
1003	17702
725	17705
190	17730
447	17752
546	17766
388	17783
249	17787
800	17814
922	17819
926	17820
926	17822
926	17823
926	17829
922	17834
357	17873
683	17890
544	17895
939	17895
1008	17900
981	17909
862	17914
1006	17924
439	17927
439	17928
408	17933
1030	17945
812	17953
939	17953
996	17981
996	17982
297	18007
447	18037
264	18038
888	18038
447	18041
62	18048
888	18050
447	18052
529	18052
447	18053
55	18073
860	18076
217	18081
981	18087
439	18108
90	18117
364	18120
225	18135
1030	18135
170	18137
616	18137
229	18144
557	18145
544	18154
996	18160
996	18171
996	18173
996	18182
996	18184
124	18213
447	18232
922	18237
447	18254
825	18256
888	18257
555	18270
743	18280
790	18283
1003	18288
190	18300
661	18320
996	18329
996	18330
999	18331
996	18362
645	18363
996	18363
149	18368
205	18387
1003	18391
608	18399
62	18408
686	18408
380	18425
645	18432
480	18438
608	18438
480	18439
229	18453
264	18460
225	18487
921	18492
921	18496
921	18502
229	18521
545	18529
939	18529
812	18530
812	18539
149	18551
747	18552
691	18555
490	18574
541	18577
544	18583
283	18587
922	18587
480	18602
190	18606
812	18606
1003	18606
357	18617
968	18623
190	18644
608	18656
800	18656
90	18665
685	18667
996	18670
55	18707
454	18736
454	18744
